0.042
0.043
0.045
0.047
0.048
0.050
0.052
0.054
0.056
0.058
0.060
0.062
0.065
0.067
0.070
0.072
0.075
0.078
0.081
0.084
0.088
0.091
0.095
0.098
0.102
0.106
0.111
0.115
0.120
0.125
0.130
0.135
0.140
0.146
0.152
0.158
0.165
0.171
0.178
0.186
0.193
0.201
0.209
0.218
0.227
0.236
0.246
0.256
0.266
0.277
0.288
0.300
0.312
0.324
0.338
0.351
0.365
0.380
0.395
0.410
0.427
0.443
0.461
0.479
0.497
0.517
0.537
0.557
0.578
0.600
0.623
0.646
0.670
0.695
0.720
0.747
0.774
0.801
0.830
0.859
0.889
0.920
0.951
0.984
1.017
1.050
1.085
1.120
1.156
1.193
1.230
1.268
1.307
1.346
1.386
1.426
1.467
1.509
1.551
1.593
